scene_[1, 2, 3, 4, 5, 6]/0390
scene_[1, 2, 3, 4, 5, 6]/0630
scene_[1, 2, 3, 4, 5, 6]/0525
scene_[1, 2, 3, 4, 5, 6]/0500
scene_[1, 2, 3, 4, 5, 6]/0516
scene_[1, 2, 3, 4, 5, 6]/0570
scene_[1, 2, 3, 4, 5, 6]/0390
scene_[1, 2, 3, 4, 5, 6]/0630
scene_[1, 2, 3, 4, 5, 6]/0525
scene_[1, 2, 3, 4, 5, 6]/0500
scene_[1, 2, 3, 4, 5, 6]/0516
scene_[1, 2, 3, 4, 5, 6]/0570
scene_[1, 2, 3, 4, 5, 6]/0390
scene_[1, 2, 3, 4, 5, 6]/0630
scene_[1, 2, 3, 4, 5, 6]/0525
scene_[1, 2, 3, 4, 5, 6]/0500
scene_[1, 2, 3, 4, 5, 6]/0516
scene_[1, 2, 3, 4, 5, 6]/0570
scene_[1, 2, 3, 4, 5, 6]/0390
scene_[1, 2, 3, 4, 5, 6]/0630
scene_[1, 2, 3, 4, 5, 6]/0525
scene_[1, 2, 3, 4, 5, 6]/0500
scene_[1, 2, 3, 4, 5, 6]/0516
scene_[1, 2, 3, 4, 5, 6]/0570
scene_[1, 2, 3, 4, 5, 6]/0390
scene_[1, 2, 3, 4, 5, 6]/0630
scene_[1, 2, 3, 4, 5, 6]/0525
scene_[1, 2, 3, 4, 5, 6]/0500
scene_[1, 2, 3, 4, 5, 6]/0516
scene_[1, 2, 3, 4, 5, 6]/0570
scene_[1, 2, 3, 4, 5, 6]/0390
scene_[1, 2, 3, 4, 5, 6]/0630
scene_[1, 2, 3, 4, 5, 6]/0525
scene_[1, 2, 3, 4, 5, 6]/0500
scene_[1, 2, 3, 4, 5, 6]/0516
scene_[1, 2, 3, 4, 5, 6]/0570
